(04 05 01 02) 172 3 &  (01 90 91 e1) 384 4 & 556 7
(04 4f 01 02) 188 3 &  (b2 f0 cd 59) 372 4 & 560 7
(04 58 01 02) 172 3 &  (50 6a 14 28) 388 4 & 560 7
(50 b2 01 02) 184 3 &  (83 8d 04 08) 380 4 & 564 7
(14 b2 01 02) 172 3 &  (82 27 eb 15) 404 4 & 576 7
(12 59 01 02) 188 3 &  (d4 96 cd 59) 404 4 & 592 7
(b0 b2 01 02) 160 4 &  (b0 b2 01 02) 160 4 & 320 8
(59 5b 01 02) 192 4 &  (59 5b 01 02) 192 4 & 384 8
(08 0a 01 02) 192 4 &  (08 0a 01 02) 192 4 & 384 8
(04 06 01 02) 192 4 &  (04 06 01 02) 192 4 & 384 8
(09 0b 01 02) 208 4 &  (09 0b 01 02) 208 4 & 416 8
(14 16 01 02) 208 4 &  (14 16 01 02) 208 4 & 416 8
(10 12 01 02) 216 4 &  (10 12 01 02) 216 4 & 432 8
(59 c5 01 02) 232 4 &  (b2 49 02 04) 212 4 & 444 8
(b1 b3 01 02) 224 4 &  (b1 b3 01 02) 224 4 & 448 8
(58 5a 01 02) 224 4 &  (58 5a 01 02) 224 4 & 448 8
(9c 9e 01 02) 224 4 &  (9c 9e 01 02) 224 4 & 448 8
(05 07 01 02) 224 4 &  (05 07 01 02) 224 4 & 448 8
(08 94 01 02) 208 4 &  (10 eb 02 04) 244 4 & 452 8
(2c b0 01 02) 192 4 &  (58 a3 02 04) 268 4 & 460 8
(4d 4f 01 02) 232 4 &  (4d 4f 01 02) 232 4 & 464 8
(94 96 01 02) 232 4 &  (94 96 01 02) 232 4 & 464 8
(2c 2e 01 02) 232 4 &  (2c 2e 01 02) 232 4 & 464 8
(49 4b 01 02) 240 4 &  (49 4b 01 02) 240 4 & 480 8
(24 26 01 02) 240 4 &  (24 26 01 02) 240 4 & 480 8
(48 4a 01 02) 240 4 &  (48 4a 01 02) 240 4 & 480 8
(5b c7 01 02) 240 4 &  (b6 4d 02 04) 252 4 & 492 8
(24 b8 01 02) 248 4 &  (48 b3 02 04) 244 4 & 492 8
(09 95 01 02) 224 4 &  (12 e9 02 04) 268 4 & 492 8
(95 97 01 02) 248 4 &  (95 97 01 02) 248 4 & 496 8
(b4 b6 01 02) 248 4 &  (b4 b6 01 02) 248 4 & 496 8
(50 52 01 02) 248 4 &  (50 52 01 02) 248 4 & 496 8
(e9 eb 01 02) 248 4 &  (e9 eb 01 02) 248 4 & 496 8
(11 13 01 02) 248 4 &  (11 13 01 02) 248 4 & 496 8
(20 22 01 02) 248 4 &  (20 22 01 02) 248 4 & 496 8
(58 c4 01 02) 264 4 &  (b0 4b 02 04) 236 4 & 500 8
(0a 96 01 02) 216 4 &  (14 ef 02 04) 284 4 & 500 8
(29 b3 01 02) 228 4 &  (02 59 ba b7) 276 4 & 504 8
(24 b2 01 02) 180 4 &  (9e ba 5b b6) 324 4 & 504 8
(4c b2 01 02) 204 4 &  (26 59 e1 01) 304 4 & 508 8
(03 e1 01 02) 264 4 &  (0c 02 04 08) 244 4 & 508 8
(04 98 01 02) 232 4 &  (08 f3 02 04) 276 4 & 508 8
(03 9f 01 02) 224 4 &  (06 fd 02 04) 284 4 & 508 8
(2c 4b 01 02) 216 4 &  (5b 84 59 b2) 296 4 & 512 8
(90 92 01 02) 256 4 &  (90 92 01 02) 256 4 & 512 8
(a0 a2 01 02) 256 4 &  (a0 a2 01 02) 256 4 & 512 8
(25 27 01 02) 256 4 &  (25 27 01 02) 256 4 & 512 8
(0b e9 01 02) 240 4 &  (2c 22 04 08) 276 4 & 516 8
(2d 4a 01 02) 248 4 &  (02 dd 59 b2) 272 4 & 520 8
(2e b2 01 02) 200 4 &  (5c a7 02 04) 324 4 & 524 8
(51 cd 01 02) 288 4 &  (a2 59 02 04) 236 4 & 524 8
(51 53 01 02) 264 4 &  (51 53 01 02) 264 4 & 528 8
(b8 ba 01 02) 264 4 &  (b8 ba 01 02) 264 4 & 528 8
(0c 0e 01 02) 264 4 &  (0c 0e 01 02) 264 4 & 528 8
(04 a9 01 02) 272 4 &  (20 01 08 10) 256 4 & 528 8
(4c 4e 01 02) 264 4 &  (4c 4e 01 02) 264 4 & 528 8
(a4 a6 01 02) 264 4 &  (a4 a6 01 02) 264 4 & 528 8
(25 b9 01 02) 264 4 &  (4a b1 02 04) 268 4 & 532 8
(08 ea 01 02) 224 4 &  (20 2e 04 08) 308 4 & 532 8
(14 88 01 02) 240 4 &  (28 d3 02 04) 292 4 & 532 8
(0e 59 01 02) 216 4 &  (12 eb 03 06) 316 4 & 532 8
(20 9e 01 02) 216 4 &  (0a 16 24 48) 316 4 & 532 8
(24 c6 01 02) 256 4 &  (90 9e 04 08) 276 4 & 532 8
(50 cc 01 02) 272 4 &  (a0 5b 02 04) 260 4 & 532 8
(04 b9 01 02) 220 4 &  (14 18 05 0a) 316 4 & 536 8
(09 eb 01 02) 216 4 &  (24 2a 04 08) 324 4 & 540 8
(26 ba 01 02) 256 4 &  (4c b7 02 04) 284 4 & 540 8
(0b 97 01 02) 232 4 &  (16 ed 02 04) 308 4 & 540 8
(25 c7 01 02) 248 4 &  (94 9a 04 08) 292 4 & 540 8
(0a e8 01 02) 248 4 &  (28 26 04 08) 292 4 & 540 8
(04 19 01 02) 240 4 &  (9e 04 c6 4f) 304 4 & 544 8
(15 17 01 02) 272 4 &  (15 17 01 02) 272 4 & 544 8
(28 2a 01 02) 272 4 &  (28 2a 01 02) 272 4 & 544 8
(5b 75 01 02) 252 4 &  (12 02 4b 96) 292 4 & 544 8
(2d b1 01 02) 256 4 &  (5a a1 02 04) 292 4 & 548 8
(75 e9 01 02) 272 4 &  (ea 11 02 04) 276 4 & 548 8
(97 9e 01 02) 220 4 &  (05 d8 58 b0) 328 4 & 548 8
(05 51 01 02) 220 4 &  (a0 b2 20 40) 328 4 & 548 8
(a5 b2 01 02) 228 4 &  (9a 5b 16 2c) 320 4 & 548 8
(16 8a 01 02) 248 4 &  (2c d7 02 04) 300 4 & 548 8
(50 59 01 02) 196 4 &  (6b b6 58 b0) 352 4 & 548 8
(4e b0 01 02) 220 4 &  (27 58 e1 01) 328 4 & 548 8
(5a c6 01 02) 272 4 &  (b4 4f 02 04) 276 4 & 548 8
(06 4a 01 02) 232 4 &  (10 b2 b9 b1) 320 4 & 552 8
(08 b5 01 02) 252 4 &  (28 24 05 0a) 300 4 & 552 8
(0a b7 01 02) 220 4 &  (22 2e 05 0a) 332 4 & 552 8
(08 b2 01 02) 160 3 &  (48 6b 09 12) 392 5 & 552 8
(17 70 01 02) 288 4 &  (95 4a 59 b2) 264 4 & 552 8
(48 b6 01 02) 228 4 &  (24 5b e1 01) 328 4 & 556 8
(4f d3 01 02) 264 4 &  (9e 65 02 04) 292 4 & 556 8
(2c ce 01 02) 248 4 &  (b0 be 04 08) 308 4 & 556 8
(b2 e3 01 02) 220 4 &  (46 58 4f 9e) 336 4 & 556 8
(4d d1 01 02) 256 4 &  (9a 61 02 04) 300 4 & 556 8
(41 43 01 02) 280 4 &  (41 43 01 02) 280 4 & 560 8
(b3 d4 01 02) 264 4 &  (44 9b 59 b2) 296 4 & 560 8
(b5 b7 01 02) 280 4 &  (b5 b7 01 02) 280 4 & 560 8
(16 71 01 02) 256 4 &  (cc 13 59 b2) 304 4 & 560 8
(58 f9 01 02) 232 4 &  (c7 01 2e 5c) 328 4 & 560 8
(3a 5d 01 02) 288 4 &  (97 48 59 b2) 272 4 & 560 8
(e8 ea 01 02) 280 4 &  (e8 ea 01 02) 280 4 & 560 8
(0a 7c 01 02) 252 4 &  (44 9e 0a 14) 308 4 & 560 8
(2c ba 01 02) 228 4 &  (03 27 5b b6) 332 4 & 560 8
(c5 c7 01 02) 280 4 &  (c5 c7 01 02) 280 4 & 560 8
(26 b0 01 02) 220 4 &  (28 0c 5b b6) 340 4 & 560 8
(88 8a 01 02) 280 4 &  (88 8a 01 02) 280 4 & 560 8
(98 9a 01 02) 280 4 &  (98 9a 01 02) 280 4 & 560 8
(28 4f 01 02) 224 4 &  (fc 23 59 b2) 336 4 & 560 8
(03 64 01 02) 272 4 &  (eb 34 59 b2) 288 4 & 560 8
(05 a8 01 02) 264 4 &  (28 09 08 10) 296 4 & 560 8
(b9 bb 01 02) 280 4 &  (b9 bb 01 02) 280 4 & 560 8
(44 4d 01 02) 252 4 &  (01 dc 58 b0) 312 4 & 564 8
(05 99 01 02) 264 4 &  (0a f1 02 04) 300 4 & 564 8
(19 48 01 02) 284 4 &  (08 16 4f 9e) 280 4 & 564 8
(b3 e2 01 02) 244 4 &  (09 17 4f 9e) 320 4 & 564 8
(05 28 01 02) 208 4 &  (5a 95 12 24) 356 4 & 564 8
(04 fa 01 02) 236 4 &  (02 7d e1 01) 328 4 & 564 8
(7d e1 01 02) 328 4 &  (fa 01 02 04) 236 4 & 564 8
(58 a6 01 02) 228 4 &  (2c 53 e1 01) 336 4 & 564 8
(97 c6 01 02) 268 4 &  (02 1c 4f 9e) 296 4 & 564 8
(3f 58 01 02) 280 4 &  (69 b6 59 b2) 288 4 & 568 8
(50 ea 01 02) 248 4 &  (95 b6 09 12) 320 4 & 568 8
(23 44 01 02) 280 4 &  (9a 45 59 b2) 288 4 & 568 8
(b2 d5 01 02) 232 4 &  (1d c2 59 b2) 336 4 & 568 8
(b6 d1 01 02) 240 4 &  (ba 65 59 b2) 328 4 & 568 8
(26 9b 01 02) 268 4 &  (be b2 05 0a) 300 4 & 568 8
(04 10 01 02) 184 4 &  (e3 0a 48 90) 384 4 & 568 8
(16 bb 01 02) 240 4 &  (b0 91 08 10) 328 4 & 568 8
(90 f7 01 02) 312 4 &  (de 01 59 b2) 256 4 & 568 8
(45 f8 01 02) 276 4 &  (92 9e 05 0a) 292 4 & 568 8
(b0 ca 01 02) 268 4 &  (da 02 0b 16) 300 4 & 568 8
(24 43 01 02) 264 4 &  (d6 09 59 b2) 304 4 & 568 8
(72 90 01 02) 320 4 &  (0b 05 04 08) 252 4 & 572 8
(20 51 01 02) 248 4 &  (01 58 bb b5) 324 4 & 572 8
(0c 90 01 02) 256 4 &  (18 e3 02 04) 316 4 & 572 8
(40 59 01 02) 216 4 &  (22 04 5a b4) 356 4 & 572 8
(59 a7 01 02) 244 4 &  (cd b2 e1 01) 328 4 & 572 8
(9b b6 01 02) 248 4 &  (51 9e 12 24) 324 4 & 572 8
(7c e0 01 02) 312 4 &  (f8 03 02 04) 260 4 & 572 8
(92 ba 01 02) 256 4 &  (03 04 52 a4) 316 4 & 572 8
(05 0c 01 02) 220 4 &  (fb 26 58 b0) 352 4 & 572 8
(9e b3 01 02) 192 4 &  (0b c4 12 24) 380 4 & 572 8
(14 ea 01 02) 236 4 &  (0a 75 e1 01) 336 4 & 572 8
(06 9a 01 02) 240 4 &  (0c f7 02 04) 332 4 & 572 8
(5d 75 01 02) 272 4 &  (02 05 52 a4) 300 4 & 572 8
(10 8c 01 02) 272 4 &  (20 db 02 04) 300 4 & 572 8
(04 d9 01 02) 252 4 &  (9a 02 c7 4d) 320 4 & 572 8
(9d 9f 01 02) 288 4 &  (9d 9f 01 02) 288 4 & 576 8
(05 b8 01 02) 228 4 &  (11 1d 05 0a) 348 4 & 576 8
(44 46 01 02) 288 4 &  (44 46 01 02) 288 4 & 576 8
(04 be 01 02) 240 4 &  (24 07 09 12) 336 4 & 576 8
(80 82 01 02) 288 4 &  (80 82 01 02) 288 4 & 576 8
(ba dd 01 02) 312 4 &  (90 4f 59 b2) 264 4 & 576 8
(3d 5a 01 02) 320 4 &  (db 04 59 b2) 256 4 & 576 8
(a1 a3 01 02) 288 4 &  (a1 a3 01 02) 288 4 & 576 8
(0b 2c 01 02) 204 4 &  (cc b6 b2 a7) 372 4 & 576 8
(d1 d3 01 02) 288 4 &  (d1 d3 01 02) 288 4 & 576 8
(18 1a 01 02) 288 4 &  (18 1a 01 02) 288 4 & 576 8
(11 5a 01 02) 252 4 &  (40 02 cd 59) 324 4 & 576 8
(05 59 01 02) 172 3 &  (44 7e 14 28) 404 5 & 576 8
(3e 59 01 02) 248 4 &  (30 ef 59 b2) 328 4 & 576 8
(45 d3 01 02) 292 4 &  (96 b2 5b b6) 284 4 & 576 8
(38 95 01 02) 272 4 &  (03 22 08 10) 304 4 & 576 8
(45 4c 01 02) 276 4 &  (59 84 58 b0) 304 4 & 580 8
(70 92 01 02) 280 4 &  (03 0d 04 08) 300 4 & 580 8
(be e9 01 02) 296 4 &  (01 f8 03 06) 284 4 & 580 8
(4d b3 01 02) 220 4 &  (c7 b8 e1 01) 360 4 & 580 8
(43 4a 01 02) 268 4 &  (4a 97 58 b0) 312 4 & 580 8
(24 75 01 02) 252 4 &  (0b 15 4f 9e) 328 4 & 580 8
(28 b4 01 02) 256 4 &  (50 ab 02 04) 324 4 & 580 8
(09 24 01 02) 216 4 &  (82 4d 12 24) 364 4 & 580 8
(21 b0 01 02) 240 4 &  (e8 01 22 44) 340 4 & 580 8
(55 59 01 02) 236 4 &  (01 46 9e ff) 344 4 & 580 8
(27 bb 01 02) 272 4 &  (4e b5 02 04) 308 4 & 580 8
(24 b6 01 02) 220 4 &  (05 31 10 20) 360 4 & 580 8
(20 bc 01 02) 280 4 &  (40 bb 02 04) 300 4 & 580 8
(2e cc 01 02) 288 4 &  (b8 b6 04 08) 292 4 & 580 8
(11 f3 01 02) 280 4 &  (44 4a 04 08) 300 4 & 580 8
(52 5b 01 02) 244 4 &  (db 06 58 b0) 336 4 & 580 8
(a1 b6 01 02) 244 4 &  (c2 03 16 2c) 336 4 & 580 8
(2e 83 01 02) 280 4 &  (b3 92 08 10) 304 4 & 584 8
(0a 70 01 02) 252 4 &  (4e 96 0b 16) 332 4 & 584 8
(9a b4 01 02) 268 4 &  (a2 b2 4b 96) 316 4 & 584 8
(1e 79 01 02) 336 4 &  (41 9e 59 b2) 248 4 & 584 8
(4c e1 01 02) 304 4 &  (25 04 08 10) 280 4 & 584 8
(2a 4d 01 02) 280 4 &  (4e 91 59 b2) 304 4 & 584 8
(10 aa 01 02) 264 4 &  (90 b3 09 12) 320 4 & 584 8
(0b a6 01 02) 240 4 &  (58 79 08 10) 344 4 & 584 8
(0a 56 01 02) 284 4 &  (88 b2 14 28) 300 4 & 584 8
(3c 5b 01 02) 288 4 &  (82 5d 59 b2) 296 4 & 584 8
(2c ee 01 02) 252 4 &  (97 0a 94 eb) 332 4 & 584 8
(a4 c3 01 02) 288 4 &  (d1 0e 59 b2) 296 4 & 584 8
(97 f0 01 02) 312 4 &  (92 4d 59 b2) 272 4 & 584 8
(04 48 01 02) 200 4 &  (a1 03 b9 b1) 384 4 & 584 8
(9f b1 01 02) 252 4 &  (06 16 4b 96) 332 4 & 584 8
(9e f9 01 02) 232 4 &  (46 99 59 b2) 352 4 & 584 8
(b0 c6 01 02) 236 4 &  (6a b0 0a 14) 348 4 & 584 8
(aa cd 01 02) 320 4 &  (49 96 59 b2) 264 4 & 584 8
(2e 49 01 02) 256 4 &  (e9 36 59 b2) 328 4 & 584 8
(2c 91 01 02) 252 4 &  (9c 90 05 0a) 332 4 & 584 8
(2d ef 01 02) 284 4 &  (03 9e 94 eb) 300 4 & 584 8
(10 77 01 02) 272 4 &  (d9 06 59 b2) 312 4 & 584 8
(09 b3 01 02) 200 3 &  (41 62 09 12) 384 5 & 584 8
(0d 34 01 02) 300 4 &  (01 04 53 a6) 284 4 & 584 8
(58 ce 01 02) 244 4 &  (06 22 5b b6) 340 4 & 584 8
(52 d8 01 02) 296 4 &  (16 04 4a 94) 292 4 & 588 8
(10 f2 01 02) 272 4 &  (40 4e 04 08) 316 4 & 588 8
(53 cf 01 02) 296 4 &  (a6 5d 02 04) 292 4 & 588 8
(06 51 01 02) 240 4 &  (0a f3 03 06) 348 4 & 588 8
(96 c7 01 02) 244 4 &  (4d 53 4f 9e) 344 4 & 588 8
(44 9c 01 02) 260 4 &  (32 01 28 50) 328 4 & 588 8
(08 11 01 02) 216 4 &  (95 b3 5a b4) 372 4 & 588 8
(05 e7 01 02) 280 4 &  (14 1a 04 08) 308 4 & 588 8
(04 b8 01 02) 212 4 &  (05 96 90 e3) 376 4 & 588 8
(71 93 01 02) 304 4 &  (07 09 04 08) 284 4 & 588 8
(08 d6 01 02) 272 4 &  (a3 9e 2c 58) 316 4 & 588 8
(6c b2 01 02) 232 4 &  (8b b6 2c 58) 356 4 & 588 8
(18 49 01 02) 260 4 &  (47 59 4f 9e) 328 4 & 588 8
(12 8e 01 02) 280 4 &  (24 df 02 04) 308 4 & 588 8
(24 28 01 02) 228 4 &  (16 51 9e ff) 360 4 & 588 8
(18 4f 01 02) 248 4 &  (28 d1 03 06) 340 4 & 588 8
(04 63 01 02) 224 4 &  (a7 78 59 b2) 368 4 & 592 8
(2d 2f 01 02) 296 4 &  (2d 2f 01 02) 296 4 & 592 8
(a0 da 01 02) 268 4 &  (6a b2 0b 16) 324 4 & 592 8
(09 b4 01 02) 244 4 &  (2d 21 05 0a) 348 4 & 592 8
(2f 48 01 02) 288 4 &  (b0 6f 59 b2) 304 4 & 592 8
(22 45 01 02) 264 4 &  (c3 1c 59 b2) 328 4 & 592 8
(0b 7d 01 02) 268 4 &  (4e 94 0a 14) 324 4 & 592 8
(8e e9 01 02) 304 4 &  (9f 40 59 b2) 288 4 & 592 8
(52 90 01 02) 260 4 &  (2c b1 94 eb) 332 4 & 592 8
(f9 fb 01 02) 296 4 &  (f9 fb 01 02) 296 4 & 592 8
(5a cc 01 02) 284 4 &  (b0 94 5b b6) 308 4 & 592 8
(0a 2d 01 02) 228 4 &  (7e 04 b2 a7) 364 4 & 592 8
(26 41 01 02) 256 4 &  (64 bb 59 b2) 336 4 & 592 8
(09 6e 01 02) 296 4 &  (d4 0b 59 b2) 296 4 & 592 8
(5c 5e 01 02) 296 4 &  (5c 5e 01 02) 296 4 & 592 8
(61 63 01 02) 296 4 &  (61 63 01 02) 296 4 & 592 8
(53 a0 01 02) 260 4 &  (01 2c 0d 1a) 332 4 & 592 8
(12 75 01 02) 248 4 &  (6b b4 59 b2) 344 4 & 592 8
(95 f2 01 02) 288 4 &  (20 ff 59 b2) 304 4 & 592 8
(b4 d3 01 02) 296 4 &  (08 d7 59 b2) 296 4 & 592 8
(95 b2 01 02) 188 3 &  (40 3a b2 a7) 404 5 & 592 8
(87 e0 01 02) 336 4 &  (4b 94 59 b2) 256 4 & 592 8
(08 9e 01 02) 188 3 &  (9d b9 5b b6) 404 5 & 592 8
(5d 5f 01 02) 296 4 &  (5d 5f 01 02) 296 4 & 592 8
(40 42 01 02) 296 4 &  (40 42 01 02) 296 4 & 592 8
(27 9a 01 02) 260 4 &  (bb b7 05 0a) 332 4 & 592 8
(96 f1 01 02) 296 4 &  (cb 14 59 b2) 296 4 & 592 8
(f8 fa 01 02) 296 4 &  (f8 fa 01 02) 296 4 & 592 8
(03 be 01 02) 260 4 &  (0f 03 05 0a) 332 4 & 592 8
(4e 83 01 02) 272 4 &  (01 fd 50 a0) 320 4 & 592 8
(21 23 01 02) 296 4 &  (21 23 01 02) 296 4 & 592 8
