(0d 08 10 10) 180 3  (c7 d8 24 10) 308 4  488 7
(20 90 10 10) 164 3  (2c 01 d9 10) 324 4  488 7
(18 08 10 10) 144 3  (12 16 1a 0e) 344 4  488 7
(e9 08 10 10) 208 3  (8d c7 0c 02) 304 4  512 7
(97 18 10 10) 204 3  (9d 14 04 c7) 316 4  520 7
(09 08 10 10) 152 3  (40 d2 b7 a2) 384 4  536 7
(02 0a 10 10) 172 3  (20 a2 68 ca) 364 4  536 7
(24 04 10 10) 172 3  (49 12 44 17) 372 4  544 7
(40 a7 10 10) 176 3  (14 56 32 02) 372 4  548 7
(60 80 10 10) 168 3  (22 96 cd 20) 384 4  552 7
(1a 18 10 10) 204 3  (0c 21 05 a8) 352 4  556 7
(02 08 10 10) 136 3  (0b 18 ef 2a) 420 4  556 7
(50 02 10 10) 168 3  (47 60 05 5a) 388 4  556 7
(09 24 10 10) 196 3  (08 48 03 f2) 364 4  560 7
(08 cf 10 10) 196 3  (1c 6c 09 06) 364 4  560 7
(c7 0a 10 10) 188 3  (b7 02 0a 9c) 376 4  564 7
(40 08 10 10) 128 3  (a9 b7 b2 70) 436 4  564 7
(0a 28 10 10) 192 3  (08 91 0f d3) 376 4  568 7
(d0 04 10 10) 192 3  (30 68 a5 a8) 376 4  568 7
(60 09 10 10) 180 3  (09 c7 42 b6) 388 4  568 7
(15 08 10 10) 176 3  (04 33 26 c3) 392 4  568 7
(40 c0 10 10) 160 3  (c7 b2 64 13) 412 4  572 7
(07 02 10 10) 172 3  (a4 17 11 89) 404 4  576 7
(80 c0 10 10) 172 3  (0d bf 04 b2) 404 4  576 7
(20 0e 10 10) 160 3  (18 e8 8e d0) 416 4  576 7
(14 06 10 10) 196 3  (d7 52 cb 30) 380 4  576 7
(60 04 10 10) 156 3  (ac 95 10 4b) 420 4  576 7
(14 28 10 10) 188 3  (39 c0 0c 51) 392 4  580 7
(30 14 10 10) 176 3  (b4 09 8c 0e) 408 4  584 7
(40 14 10 10) 160 3  (60 82 ce 37) 424 4  584 7
(d7 18 10 10) 208 3  (01 ac 87 34) 380 4  588 7
(09 0a 10 10) 188 3  (d5 67 18 d7) 400 4  588 7
(18 48 10 10) 196 3  (6d 27 20 11) 392 4  588 7
(40 16 10 10) 196 3  (43 17 50 c5) 396 4  592 7
(40 1c 10 10) 172 3  (08 6e a5 94) 420 4  592 7
